%YAML:1.0
Calibration_Time: "08/12/18 19:51:36"
Camera_Matrix: !!opencv-matrix
   rows: 3
   cols: 3
   dt: d
   data: [ 7.2946640058272804e+002, 0., 5.7164430206421124e+002, 0.,
       7.2882191896451889e+002, 3.4700784215575745e+002, 0., 0., 1. ]
# (k1, k2, p1, p2[, k3[, k4, k5, k6]])
Distortion_Coefficients: !!opencv-matrix
   rows: 5
   cols: 1
   dt: d
   data: [ -4.2623158540777329e-001, 5.4608322237487601e-001,
       3.8012122603618831e-003, -5.1339883776150750e-003,
       -6.1787270700950715e-001 ]
Avg_Reprojection_Error: 6.7631697659035789e-002
