%YAML:1.0
Calibration_Time: "08/13/18 12:11:43"
Camera_Matrix: !!opencv-matrix
   rows: 3
   cols: 3
   dt: d
   data: [ 7.3305992944039235e+002, 0., 5.7514594449411379e+002, 0.,
       7.3320038430903401e+002, 3.4745116253181408e+002, 0., 0., 1. ]
# perspective camera distortion module:k1, k2, p1, p2[, k3[, k4, k5, k6]]
Distortion_Coefficients: !!opencv-matrix
   rows: 8
   cols: 1
   dt: d
   data: [ -3.7736021318579480e+000, 1.8626029342972796e+000,
       3.7086978933639739e-003, -5.7139693185664737e-003,
       -1.5884863451261855e+000, -3.3504506540431125e+000, 0., 0. ]
Avg_Reprojection_Error: 5.4440835197628656e-002
