%YAML:1.0
Calibration_Time: "08/12/18 20:48:32"
Camera_Matrix: !!opencv-matrix
   rows: 3
   cols: 3
   dt: d
   data: [ 7.3298424096237954e+002, 0., 5.7498993376731482e+002, 0.,
       7.3306163458207629e+002, 3.4737854924764986e+002, 0., 0., 1. ]
# (k1, k2, p1, p2[, k3[, k4, k5, k6]])
Distortion_Coefficients: !!opencv-matrix
   rows: 5
   cols: 1
   dt: d
   data: [ -4.2284450092333464e-001, 4.6251794734177343e-001,
       3.7161433866961862e-003, -5.6598282118054278e-003,
       -3.2158163657911648e-001 ]
Avg_Reprojection_Error: 5.4447406854618477e-002
