%YAML:1.0
Calibration_Time: "08/14/18 20:46:40"
Camera_Matrix: !!opencv-matrix
   rows: 3
   cols: 3
   dt: d
   data: [ 9.0362101306986290e+002, 0., 2.1483114032520700e+002, 0.,
       9.6890945196927305e+002, 2.6784128509153129e+002, 0., 0., 1. ]
# perspective camera distortion module:k1, k2, p1, p2[, k3[, k4, k5, k6]]
Distortion_Coefficients: !!opencv-matrix
   rows: 5
   cols: 1
   dt: d
   data: [ -6.9579789378166154e-002, 9.6189588115323121e-001,
       1.3118689219595924e-002, -2.3078783498114375e-002, 0. ]
Avg_Reprojection_Error: 5.7010034504624441e-001
