%YAML:1.0
Calibration_Time: "08/12/18 20:27:01"
Camera_Matrix: !!opencv-matrix
   rows: 3
   cols: 3
   dt: d
   data: [ 7.3298695348195008e+002, 0., 5.7498478359743183e+002, 0.,
       7.3306412333994251e+002, 3.4737628085730813e+002, 0., 0., 1. ]
# (k1, k2, p1, p2[, k3[, k4, k5, k6]])
Distortion_Coefficients: !!opencv-matrix
   rows: 5
   cols: 1
   dt: d
   data: [ -4.2287431296150996e-001, 4.6289794638935794e-001,
       3.7167574714076245e-003, -5.6602371699718667e-003,
       -3.2291860955605040e-001 ]
Avg_Reprojection_Error: 5.4447539491337481e-002
