%YAML:1.0
Calibration_Time: "08/14/18 21:09:41"
Camera_Matrix: !!opencv-matrix
   rows: 3
   cols: 3
   dt: d
   data: [ 8.1115328704085721e+002, 0., 3.4866862434884945e+002, 0.,
       7.7151218146411520e+002, 2.0014505170191600e+002, 0., 0., 1. ]
# perspective camera distortion module:k1, k2, p1, p2[, k3[, k4, k5, k6]]
Distortion_Coefficients: !!opencv-matrix
   rows: 5
   cols: 1
   dt: d
   data: [ -1.0895526966505457e-001, 3.8878159326781914e-001,
       1.4688793255769878e-002, 1.4380629820747789e-003, 0. ]
Avg_Reprojection_Error: 5.4135815220085481e-001
