%YAML:1.0
Calibration_Time: "08/13/18 10:41:02"
Camera_Matrix: !!opencv-matrix
   rows: 3
   cols: 3
   dt: d
   data: [ 4.5655759226173650e+003, 0., 1.4651142558127285e+003, 0.,
       4.6118641556287439e+003, 1.0776561421169372e+003, 0., 0., 1. ]
# (k1, k2, p1, p2[, k3[, k4, k5, k6]])
Distortion_Coefficients: !!opencv-matrix
   rows: 5
   cols: 1
   dt: d
   data: [ -5.7570392854592575e-002, 5.2377535914715823e-001,
       6.0234071209084921e-004, 3.4428737823400776e-003, 0. ]
Avg_Reprojection_Error: 8.9378707081754016e-001
